[194 255 59 73 181 229 12 59 42 136 16 29 135 179 241 71]
Time taken in this element  323.386µs
[164 42 27 5 14 142 73 175 250 52 43 191 54 34 169 136]
Time taken in this element  258.079µs
[31 129 212 50 134 59 69 199 147 59 248 233 42 20 190 103]
Time taken in this element  49.269µs
[55 12 41 22 232 17 158 118 93 14 66 246 110 151 232 43]
Time taken in this element  64.914µs
[160 167 195 255 242 31 42 234 60 250 29 3 22 221 129 108]
Time taken in this element  57.531µs
[156 199 45 201 115 226 79 150 35 189 63 231 8 246 14 245]
Time taken in this element  64.98µs
[87 154 60 30 18 161 231 74 152 22 145 117 251 145 48 18]
Time taken in this element  80.435µs
[43 126 165 206 227 196 159 245 61 65 224 7 133 235 151 76]
Time taken in this element  57.91µs
[164 167 228 87 181 91 90 194 135 127 121 115 219 186 55 233]
Time taken in this element  45.664µs
[21 68 157 152 207 167 151 4 51 45 5 123 63 145 9 60]
Time taken in this element  77.736µs
[55 205 7 141 196 28 104 102 109 214 85 235 48 70 151 183]
Time taken in this element  70.846µs
[129 0 87 69 69 72 70 187 121 204 60 124 12 87 101 141]
Time taken in this element  118.888µs
[125 254 21 133 66 18 163 15 52 109 165 37 92 29 121 75]
Time taken in this element  90.429µs
[245 27 2 66 119 87 231 150 33 181 35 93 126 253 241 23]
Time taken in this element  108.963µs
[74 138 225 55 56 90 235 165 229 62 7 238 238 71 159 86]
Time taken in this element  225.85µs
[3 98 8 180 161 171 74 35 93 117 193 129 230 133 229 163]
Time taken in this element  59.705µs
[128 19 165 43 115 241 186 105 214 20 243 127 4 40 200 109]
Time taken in this element  60.369µs
[129 214 251 37 28 42 1 173 223 56 182 43 79 37 227 61]
Time taken in this element  47.635µs
[150 186 126 90 207 108 98 21 249 152 90 96 100 149 198 54]
Time taken in this element  50.643µs
[64 202 86 3 209 104 250 130 145 70 128 166 80 194 4 172]
Time taken in this element  49.028µs
[129 214 251 37 28 42 1 173 223 56 182 43 79 37 227 61]
Time taken in this element  50.597µs
[216 167 94 169 58 248 59 113 12 106 200 26 164 213 225 17]
Time taken in this element  49.087µs
[38 32 247 185 107 160 172 132 21 29 168 220 147 226 95 236]
Time taken in this element  46.241µs
[87 247 62 61 135 184 180 68 185 22 171 120 102 70 194 57]
Time taken in this element  44.875µs
[254 212 226 118 84 240 43 107 95 29 255 172 203 37 57 147]
Time taken in this element  58.348µs
[102 224 14 0 188 26 195 18 174 46 240 224 207 182 140 189]
Time taken in this element  47.89µs
[64 236 174 114 69 12 74 199 239 146 154 236 176 190 118 99]
Time taken in this element  43.977µs
[33 23 236 207 207 63 46 229 129 254 164 131 158 143 96 73]
Time taken in this element  50.005µs
[106 166 89 170 74 238 127 232 119 85 34 230 158 196 97 245]
Time taken in this element  44.547µs
[218 62 110 14 136 207 29 102 199 202 103 213 28 94 109 125]
Time taken in this element  45.005µs
[11 19 84 241 6 204 195 10 140 132 81 107 130 25 65 92]
Time taken in this element  44.921µs
[211 45 71 72 214 114 122 167 104 202 1 163 168 174 177 52]
Time taken in this element  44.35µs
[189 32 135 185 184 113 241 195 6 165 102 64 77 224 1 72]
Time taken in this element  45.124µs
[187 94 21 153 56 111 217 206 178 52 26 84 17 32 143 255]
Time taken in this element  64.618µs
[77 251 36 100 251 86 190 79 177 139 229 213 43 224 103 6]
Time taken in this element  45.039µs
[5 79 36 208 176 238 188 125 41 150 124 38 90 44 11 211]
Time taken in this element  65.391µs
[19 17 117 89 76 148 118 59 184 115 114 87 132 194 72 110]
Time taken in this element  32.374µs
[191 192 184 46 43 198 112 16 108 6 94 59 134 248 197 92]
Time taken in this element  46.409µs
[73 129 194 70 11 6 230 241 104 165 108 17 71 195 186 121]
Time taken in this element  31.318µs
[241 144 173 2 79 112 131 66 100 113 177 251 168 149 192 111]
Time taken in this element  34.215µs
[158 236 24 163 189 133 175 14 183 19 160 250 164 112 29 68]
Time taken in this element  31.361µs
[8 9 201 105 26 231 61 37 73 100 144 55 10 126 195 69]
Time taken in this element  31.953µs
[152 63 189 145 63 122 66 207 249 109 220 205 191 163 170 85]
Time taken in this element  42.333µs
[53 105 206 253 202 10 247 108 189 156 152 30 240 216 71 118]
Time taken in this element  33.684µs
[85 8 116 55 43 24 182 93 145 219 109 113 197 54 65 158]
Time taken in this element  48.991µs
[152 75 214 102 197 35 109 12 202 18 178 159 108 172 209 15]
Time taken in this element  32.833µs
[209 116 120 232 93 152 108 250 105 36 32 123 151 148 186 186]
Time taken in this element  32.447µs
[170 121 171 115 35 216 103 242 233 241 70 113 132 243 72 64]
Time taken in this element  32.392µs
[19 115 90 196 7 230 197 214 159 166 233 50 7 127 223 222]
Time taken in this element  58.566µs
[227 41 202 189 246 143 77 194 102 147 200 99 87 141 66 192]
Time taken in this element  33.863µs
[66 34 47 210 15 235 84 136 209 131 105 21 147 78 30 106]
Time taken in this element  32.781µs
[205 97 255 35 157 56 51 176 229 211 242 67 139 49 82 97]
Time taken in this element  31.958µs
[6 2 244 88 151 194 227 79 220 45 134 219 162 12 24 159]
Time taken in this element  32.691µs
[5 66 77 97 146 180 200 223 52 139 112 93 140 41 174 237]
Time taken in this element  35.225µs
[216 16 22 173 133 17 252 243 89 236 196 116 67 55 60 122]
Time taken in this element  32.661µs
[225 196 1 116 174 118 247 77 191 248 9 75 9 161 216 234]
Time taken in this element  35.191µs
[147 22 221 208 8 201 185 164 54 113 38 216 69 109 192 79]
Time taken in this element  74.284µs
[218 107 128 66 197 213 230 138 205 14 97 230 187 91 156 172]
Time taken in this element  32.914µs
[88 65 80 236 201 194 66 185 112 244 179 139 106 36 141 157]
Time taken in this element  34.157µs
[137 41 200 244 246 185 23 39 179 15 197 194 11 93 105 34]
Time taken in this element  32.425µs
[68 223 47 189 164 176 108 206 35 181 130 161 213 78 7 167]
Time taken in this element  54.715µs
[118 9 245 98 22 23 49 250 57 191 196 247 176 237 232 209]
Time taken in this element  32.771µs
[233 136 219 175 232 177 64 142 221 254 176 113 167 41 141 70]
Time taken in this element  45.346µs
[134 109 145 24 124 94 122 49 164 94 182 126 6 114 249 102]
Time taken in this element  34.011µs
[102 220 52 34 221 34 122 3 100 5 122 202 6 25 13 214]
Time taken in this element  32.391µs
[201 35 105 18 37 195 221 225 249 22 66 136 189 61 134 179]
Time taken in this element  32.71µs
[5 77 251 97 28 82 70 92 128 119 65 198 197 252 34 196]
Time taken in this element  41.432µs
[133 21 83 228 132 10 158 194 10 71 67 236 197 9 199 239]
Time taken in this element  31.887µs
[231 81 255 73 165 145 255 123 62 195 231 111 214 92 205 222]
Time taken in this element  34.315µs
[225 231 186 91 128 227 35 213 136 175 72 222 206 165 169 222]
Time taken in this element  35.208µs
[169 81 125 121 42 84 200 64 68 133 67 7 231 96 204 17]
Time taken in this element  41.6µs
[83 152 176 26 8 151 201 53 146 63 143 133 209 129 98 107]
Time taken in this element  32.73µs
[245 212 49 49 176 74 129 131 151 27 20 211 28 208 224 162]
Time taken in this element  32.242µs
[190 229 55 139 80 176 99 62 164 151 172 31 223 37 31 128]
Time taken in this element  31.394µs
[217 169 229 230 120 51 44 120 229 145 187 153 108 40 88 42]
Time taken in this element  31.773µs
[211 18 140 156 182 147 46 172 230 155 117 204 151 29 143 135]
Time taken in this element  31.826µs
[169 79 59 77 240 250 168 12 161 66 59 167 76 24 236 160]
Time taken in this element  39.34µs
[38 36 180 186 235 2 253 254 70 183 118 56 201 229 46 30]
Time taken in this element  32.301µs
[209 69 201 96 170 129 206 156 195 64 183 199 240 105 50 177]
Time taken in this element  33.645µs
[131 30 242 63 40 75 226 91 171 182 122 216 9 28 33 242]
Time taken in this element  34.06µs
[17 44 20 100 9 193 227 183 42 221 80 82 182 35 7 252]
Time taken in this element  33.793µs
[59 242 115 148 130 243 232 177 200 198 187 161 238 96 244 235]
Time taken in this element  31.488µs
[76 53 231 23 52 216 191 124 204 133 191 165 218 70 154 154]
Time taken in this element  35.52µs
[36 134 12 36 136 239 69 92 3 47 24 58 124 162 86 134]
Time taken in this element  35.67µs
[207 126 19 99 74 134 18 248 64 27 83 131 231 222 79 160]
Time taken in this element  45.152µs
[125 243 229 10 121 251 27 73 189 39 143 49 41 237 9 110]
Time taken in this element  32.403µs
[33 73 69 124 158 209 45 18 246 222 165 39 192 187 234 102]
Time taken in this element  33.648µs
[65 130 20 205 15 115 17 193 42 224 249 108 6 70 209 145]
Time taken in this element  31.564µs
[85 170 41 21 132 52 221 206 232 70 47 49 95 88 237 225]
Time taken in this element  33.577µs
[166 117 2 239 189 219 176 153 31 180 170 32 134 255 132 70]
Time taken in this element  35.069µs
[91 202 147 222 38 207 168 181 60 199 240 179 89 115 190 226]
Time taken in this element  53.3µs
[200 191 154 21 121 49 15 136 234 5 23 140 201 231 210 26]
Time taken in this element  36.174µs
[37 225 188 185 254 131 211 22 27 127 255 210 76 24 29 150]
Time taken in this element  31.285µs
[62 197 12 54 167 43 94 233 143 219 182 6 77 230 176 33]
Time taken in this element  32.677µs
[171 252 78 12 57 77 131 95 3 116 185 215 165 19 117 81]
Time taken in this element  39.221µs
[160 186 38 145 5 6 71 185 19 254 238 171 242 148 140 109]
Time taken in this element  32.23µs
[166 33 243 163 124 186 64 197 202 235 157 217 94 10 119 113]
Time taken in this element  31.091µs
[3 167 142 221 51 90 173 20 124 147 117 139 142 133 224 180]
Time taken in this element  94.922µs
[2 121 57 212 171 225 197 19 14 239 183 47 116 122 52 118]
Time taken in this element  32.023µs
[23 111 235 141 94 203 185 24 160 102 247 72 164 27 19 15]
Time taken in this element  41.511µs
[248 39 203 154 231 2 105 116 62 252 129 151 180 231 216 161]
Time taken in this element  32.136µs
[217 49 159 199 157 91 88 196 165 175 39 31 148 232 234 107]
Time taken in this element  31.59µs
[126 204 90 125 175 147 182 100 220 68 151 192 176 78 140 205]
Time taken in this element  31.625µs
[239 135 176 182 168 105 235 24 219 199 7 97 103 197 56 67]
Time taken in this element  33.893µs
[67 81 15 23 189 124 183 126 45 253 250 133 45 79 49 154]
Time taken in this element  37.285µs
[123 248 153 14 41 228 94 162 29 231 154 68 99 153 44 29]
Time taken in this element  31.909µs
[16 135 201 158 150 168 78 121 170 93 245 135 73 109 167 141]
Time taken in this element  35.832µs
[36 48 196 132 126 102 3 226 123 48 39 33 119 238 201 123]
Time taken in this element  31.831µs
[7 73 174 132 170 245 148 229 28 28 137 190 228 182 128 91]
Time taken in this element  31.777µs
[133 24 129 57 126 128 186 213 109 204 169 179 73 111 228 108]
Time taken in this element  32.235µs
[147 134 150 156 228 142 52 176 125 180 234 187 51 236 184 252]
Time taken in this element  58.878µs
[246 84 111 181 240 43 154 48 168 157 167 76 45 136 88 50]
Time taken in this element  32.266µs
[64 3 115 104 184 136 40 176 170 252 47 252 241 222 35 234]
Time taken in this element  90.996µs
[106 221 210 48 169 21 80 246 120 90 232 240 61 239 13 174]
Time taken in this element  32.84µs
[54 238 50 235 2 45 83 175 233 214 22 184 124 70 93 143]
Time taken in this element  34.392µs
[223 207 101 221 246 204 1 196 227 148 244 218 88 95 151 168]
Time taken in this element  34.063µs
[186 174 163 9 7 30 5 80 109 139 78 139 236 227 180 50]
Time taken in this element  32.605µs
[67 112 178 238 239 97 212 139 164 69 128 54 120 33 168 44]
Time taken in this element  51.466µs
[33 95 108 234 21 99 132 111 31 21 42 255 63 5 250 18]
Time taken in this element  33.181µs
[174 66 99 82 24 29 39 54 239 255 15 109 142 42 40 119]
Time taken in this element  41.397µs
[13 29 218 153 204 140 153 162 9 21 43 191 12 158 18 235]
Time taken in this element  32.831µs
[155 50 212 110 144 133 247 84 195 235 179 120 161 127 101 214]
Time taken in this element  31.252µs
[136 114 90 28 53 45 226 60 212 89 145 73 93 169 50 80]
Time taken in this element  32.094µs
[212 36 85 73 109 81 81 139 3 71 94 201 147 23 126 209]
Time taken in this element  31.984µs
[44 167 52 80 182 16 28 76 183 111 98 48 233 48 158 185]
Time taken in this element  31.299µs
[67 0 10 107 49 213 227 150 206 254 221 247 254 175 8 22]
Time taken in this element  31.778µs
[187 14 101 58 233 78 67 110 242 20 112 133 244 143 163 238]
Time taken in this element  34.242µs
[161 234 28 123 46 209 105 99 151 204 29 181 44 192 139 31]
Time taken in this element  41.89µs
[90 73 151 130 118 221 79 163 2 88 9 237 160 248 17 63]
Time taken in this element  1.03542ms
[77 43 18 163 238 172 237 163 182 143 140 192 191 234 10 10]
Time taken in this element  140.417744ms
[24 179 55 196 21 123 66 223 228 178 189 99 110 45 76 39]
Time taken in this element  88.763µs
[247 56 129 170 145 130 216 195 212 111 55 78 242 190 20 84]
Time taken in this element  25.319µs
[99 240 2 44 185 48 175 37 80 80 110 64 73 74 125 242]
Time taken in this element  26.005µs
[113 207 79 238 201 138 77 120 167 76 88 38 187 160 21 42]
Time taken in this element  25.178µs
[4 240 133 109 109 192 131 126 176 132 126 144 108 213 124 14]
Time taken in this element  17.101µs
[113 207 79 238 201 138 77 120 167 76 88 38 187 160 21 42]
Time taken in this element  17.747µs
[80 140 120 104 209 124 244 131 227 0 141 147 150 40 133 200]
Time taken in this element  35.356µs
[143 206 41 169 7 228 117 174 33 171 205 131 97 44 62 172]
Time taken in this element  24.228µs
[159 51 215 108 9 218 138 147 131 188 254 70 114 176 191 9]
Time taken in this element  39.825µs
[114 164 1 170 65 233 89 68 63 133 106 116 53 217 171 95]
Time taken in this element  31.596µs
[49 120 216 243 53 32 80 135 141 47 59 113 12 191 65 68]
Time taken in this element  48.503µs
[91 212 156 174 153 240 233 147 182 3 29 55 198 203 44 148]
Time taken in this element  23.95µs
[216 247 54 170 33 184 216 100 20 208 161 184 162 133 84 172]
Time taken in this element  27.977µs
[38 74 27 32 201 57 61 97 48 51 49 169 96 216 237 7]
Time taken in this element  22.545µs
[209 79 253 234 225 177 8 230 126 147 89 179 212 200 235 203]
Time taken in this element  17.061µs
[150 43 42 137 254 124 209 237 20 184 83 230 31 39 55 56]
Time taken in this element  21.087µs
[215 184 11 184 12 135 156 113 251 163 105 54 212 135 171 123]
Time taken in this element  20.173µs
[203 225 147 207 231 223 64 28 87 129 101 19 18 191 169 109]
Time taken in this element  18.599µs
[185 169 135 70 198 80 223 11 17 50 135 80 131 180 249 94]
Time taken in this element  22.241µs
[26 241 3 209 8 225 179 249 117 115 20 101 194 34 218 26]
Time taken in this element  129.104µs
[207 168 134 132 32 80 0 155 180 136 220 156 158 63 188 106]
Time taken in this element  20.44µs
[113 205 212 63 30 187 45 202 85 28 145 89 125 224 190 214]
Time taken in this element  40.12µs
[57 234 206 49 68 187 137 35 174 81 119 11 185 159 241 159]
Time taken in this element  48.919µs
[198 5 18 220 60 112 28 244 169 122 239 41 7 177 248 128]
Time taken in this element  31.545µs
[124 8 253 246 78 79 193 197 70 186 204 166 212 126 159 115]
Time taken in this element  47.063µs
[205 88 155 139 71 216 98 26 43 235 157 29 26 6 234 59]
Time taken in this element  18.483µs
[212 29 140 217 143 0 178 4 233 128 9 152 236 248 66 126]
Time taken in this element  17.386µs
[78 167 213 196 109 239 61 180 141 222 102 27 239 196 14 233]
Time taken in this element  27.486µs
[231 32 76 11 209 208 215 177 0 6 144 166 79 47 210 39]
Time taken in this element  26.104µs
[168 226 126 23 40 210 30 223 239 48 141 174 228 144 17 50]
Time taken in this element  18.848µs
[235 24 228 86 119 141 18 56 120 61 198 47 124 98 139 226]
Time taken in this element  17.009µs
[107 153 153 61 17 230 151 46 166 118 139 155 32 197 179 76]
Time taken in this element  24.34µs
[200 178 96 213 110 9 162 178 77 242 247 55 83 216 57 26]
Time taken in this element  22.046µs
[38 161 144 135 194 40 46 200 229 113 166 143 206 163 148 106]
Time taken in this element  23.651µs
[88 38 51 172 195 160 68 32 222 170 113 55 193 234 183 109]
Time taken in this element  66.299µs
[212 29 140 217 143 0 178 4 233 128 9 152 236 248 66 126]
Time taken in this element  14.923µs
[52 227 221 190 15 152 150 60 253 232 67 99 211 52 139 191]
Time taken in this element  18.831µs
[183 121 185 16 152 124 109 17 170 22 253 35 238 88 19 147]
Time taken in this element  17.091µs
[147 9 113 23 115 150 81 99 189 52 197 116 193 48 29 89]
Time taken in this element  25.534µs
[28 30 0 101 227 16 247 132 248 96 152 214 107 109 51 92]
Time taken in this element  17.782µs
[168 226 126 23 40 210 30 223 239 48 141 174 228 144 17 50]
Time taken in this element  16.975µs
[124 27 83 148 92 39 166 88 18 100 21 215 38 230 102 154]
Time taken in this element  17.647µs
[100 205 217 167 193 229 235 130 180 150 68 187 235 214 63 128]
Time taken in this element  18.375µs
[212 29 140 217 143 0 178 4 233 128 9 152 236 248 66 126]
Time taken in this element  14.508µs
[12 152 162 122 224 131 163 0 131 156 182 177 18 75 182 142]
Time taken in this element  25.821µs
[5 72 65 229 23 97 167 135 12 5 56 118 185 197 161 226]
Time taken in this element  38.688µs
[140 105 244 217 75 173 166 224 232 247 195 202 7 73 10 122]
Time taken in this element  18.023µs
[240 230 213 184 107 252 161 98 190 84 222 17 83 187 98 253]
Time taken in this element  23.014µs
[193 147 178 212 62 243 230 8 40 180 134 103 134 31 202 85]
Time taken in this element  21.575µs
[146 247 23 198 236 172 156 224 54 230 1 125 155 63 47 195]
Time taken in this element  36.07µs
[211 61 133 177 83 208 163 80 184 138 248 99 10 232 91 72]
Time taken in this element  34.142µs
[106 43 81 242 154 255 175 158 51 86 86 153 28 203 176 213]
Time taken in this element  40.942µs
[84 83 182 239 191 70 159 154 103 79 88 6 72 226 195 40]
Time taken in this element  17.63µs
[242 167 114 110 47 166 60 78 18 34 165 124 152 194 57 51]
Time taken in this element  18.617µs
[114 38 104 26 131 206 223 205 119 153 231 56 83 154 210 154]
Time taken in this element  18.762µs
[23 49 126 101 151 55 181 149 250 11 184 153 111 149 120 115]
Time taken in this element  21.195µs
[106 61 103 209 92 249 224 103 202 179 102 37 212 27 115 183]
Time taken in this element  22.119µs
[79 6 224 254 173 241 179 228 149 174 167 90 240 59 43 207]
Time taken in this element  16.315µs
[210 63 147 42 151 105 7 226 157 206 133 152 166 76 47 214]
Time taken in this element  16.039µs
[252 255 48 25 16 173 208 140 167 244 193 68 131 191 20 99]
Time taken in this element  16.689µs
[105 84 192 100 191 40 245 191 109 154 107 8 26 182 165 225]
Time taken in this element  16.22µs
[105 84 192 100 191 40 245 191 109 154 107 8 26 182 165 225]
Time taken in this element  16.228µs
[105 84 192 100 191 40 245 191 109 154 107 8 26 182 165 225]
Time taken in this element  15.919µs
[160 241 64 254 124 219 107 27 183 75 190 230 26 33 149 59]
Time taken in this element  16.033µs
[252 255 48 25 16 173 208 140 167 244 193 68 131 191 20 99]
Time taken in this element  15.953µs
[205 2 73 159 30 250 35 170 9 100 231 57 41 140 120 200]
Time taken in this element  21.007µs
[105 84 192 100 191 40 245 191 109 154 107 8 26 182 165 225]
Time taken in this element  16.532µs
[252 255 48 25 16 173 208 140 167 244 193 68 131 191 20 99]
Time taken in this element  16.108µs
[117 144 194 150 115 119 35 153 58 28 91 135 57 56 15 7]
Time taken in this element  16.561µs
[206 68 158 137 221 59 72 10 91 154 33 163 54 246 35 127]
Time taken in this element  16.976µs
[68 243 25 85 215 139 88 134 83 163 15 171 44 136 45 218]
Time taken in this element  30.808µs
[18 131 170 81 16 20 73 7 39 110 83 191 17 36 185 54]
Time taken in this element  17.107µs
[251 83 184 154 251 216 20 233 188 162 51 130 206 217 24 243]
Time taken in this element  16.441µs
[155 121 42 65 62 141 245 22 4 100 149 181 18 113 144 225]
Time taken in this element  22.467µs
[155 121 42 65 62 141 245 22 4 100 149 181 18 113 144 225]
Time taken in this element  35.406µs
[105 84 192 100 191 40 245 191 109 154 107 8 26 182 165 225]
Time taken in this element  16.705µs
[155 121 42 65 62 141 245 22 4 100 149 181 18 113 144 225]
Time taken in this element  16.286µs
[155 121 42 65 62 141 245 22 4 100 149 181 18 113 144 225]
Time taken in this element  16.305µs
[155 121 42 65 62 141 245 22 4 100 149 181 18 113 144 225]
Time taken in this element  21.393µs
[155 121 42 65 62 141 245 22 4 100 149 181 18 113 144 225]
Time taken in this element  21.341µs
[105 84 192 100 191 40 245 191 109 154 107 8 26 182 165 225]
Time taken in this element  27.691µs
[105 84 192 100 191 40 245 191 109 154 107 8 26 182 165 225]
Time taken in this element  22.55µs
[105 84 192 100 191 40 245 191 109 154 107 8 26 182 165 225]
Time taken in this element  37.291µs
[155 121 42 65 62 141 245 22 4 100 149 181 18 113 144 225]
Time taken in this element  27.024µs
[155 121 42 65 62 141 245 22 4 100 149 181 18 113 144 225]
Time taken in this element  16.166µs
[105 84 192 100 191 40 245 191 109 154 107 8 26 182 165 225]
Time taken in this element  20.57µs
[105 84 192 100 191 40 245 191 109 154 107 8 26 182 165 225]
Time taken in this element  19.761µs
[84 118 36 116 123 219 54 55 148 113 179 200 76 113 18 213]
Time taken in this element  16.498µs
[162 172 2 52 123 227 136 182 25 94 44 42 159 111 158 204]
Time taken in this element  16.735µs
[252 255 48 25 16 173 208 140 167 244 193 68 131 191 20 99]
Time taken in this element  15.943µs
[196 13 240 34 75 64 119 42 61 118 149 34 78 253 95 138]
Time taken in this element  16.475µs
[43 3 15 119 107 143 77 66 141 86 43 94 127 230 235 193]
Time taken in this element  16.19µs
[252 255 48 25 16 173 208 140 167 244 193 68 131 191 20 99]
Time taken in this element  15.947µs
[191 170 197 212 190 13 78 7 235 171 73 213 132 209 229 163]
Time taken in this element  23.577µs
[59 197 239 127 90 94 180 54 183 81 131 176 145 239 98 228]
Time taken in this element  17.372µs
[208 130 244 76 180 33 210 149 164 169 96 4 30 9 217 18]
Time taken in this element  25.005µs
[28 170 48 216 150 203 180 217 170 115 91 80 6 43 187 243]
Time taken in this element  16.916µs
[84 83 182 239 191 70 159 154 103 79 88 6 72 226 195 40]
Time taken in this element  19.045µs
[41 167 66 128 237 123 222 155 46 126 117 115 140 161 89 242]
Time taken in this element  17.63µs
[17 54 190 5 27 19 80 3 127 166 80 172 7 178 45 233]
Time taken in this element  16.967µs
[55 203 155 197 203 178 192 182 39 171 126 149 198 209 202 195]
Time taken in this element  16.435µs
[156 173 61 3 63 27 185 1 21 155 158 253 231 51 196 185]
Time taken in this element  17.113µs
[30 1 62 226 54 195 187 186 126 107 119 26 212 61 255 185]
Time taken in this element  23.51µs
[82 38 48 171 214 105 51 84 145 242 166 26 144 101 39 146]
Time taken in this element  17.923µs
[82 38 48 171 214 105 51 84 145 242 166 26 144 101 39 146]
Time taken in this element  16.544µs
[102 69 134 68 90 170 79 149 242 168 209 59 167 48 165 63]
Time taken in this element  16.65µs
[149 102 193 205 14 153 163 168 99 118 103 5 58 98 26 60]
Time taken in this element  16.522µs
[203 180 63 241 162 237 157 12 185 143 241 154 73 87 81 99]
Time taken in this element  21.371µs
[6 118 2 55 124 7 206 236 80 144 218 232 232 14 170 224]
Time taken in this element  16.238µs
[130 39 244 245 232 126 147 1 206 153 54 90 34 251 78 58]
Time taken in this element  16.574µs
[134 190 17 202 158 252 183 35 171 149 179 11 134 49 195 193]
Time taken in this element  16.812µs
[177 188 229 90 235 118 47 28 148 6 44 109 241 215 230 144]
Time taken in this element  16.503µs
[190 11 79 49 15 77 109 15 19 246 223 52 239 163 185 152]
Time taken in this element  17.904µs
[103 85 16 112 186 152 117 151 20 82 58 0 176 107 35 245]
Time taken in this element  23.332µs
[196 160 9 167 160 24 169 49 3 142 184 160 66 126 199 3]
Time taken in this element  17.529µs
[191 3 210 10 210 102 42 55 153 97 40 93 228 91 124 83]
Time taken in this element  16.225µs
[56 21 134 220 184 145 200 116 212 56 21 29 43 97 71 183]
Time taken in this element  25.416µs
[133 43 30 49 2 254 33 13 46 119 208 70 245 128 47 21]
Time taken in this element  20.252µs
[138 10 131 205 201 110 55 1 45 59 105 97 176 35 132 57]
Time taken in this element  17.415µs
[121 80 25 201 42 190 47 197 32 5 168 55 44 76 217 210]
Time taken in this element  15.988µs
[152 178 240 122 23 40 239 154 204 26 46 244 250 107 173 174]
Time taken in this element  28.603µs
[211 124 169 40 60 52 136 205 23 15 197 84 151 181 68 130]
Time taken in this element  16.545µs
[23 115 97 147 74 183 230 87 216 115 255 47 222 253 254 201]
Time taken in this element  18.719µs
[87 77 14 45 225 80 87 70 141 180 161 135 226 139 58 249]
Time taken in this element  33.42µs
[175 219 79 126 62 212 217 169 121 41 159 184 137 27 162 30]
Time taken in this element  16.807µs
[252 255 48 25 16 173 208 140 167 244 193 68 131 191 20 99]
Time taken in this element  15.957µs
[169 240 60 71 149 64 236 123 206 152 61 144 181 83 192 254]
Time taken in this element  32.846µs
[43 176 129 120 30 255 205 224 41 165 76 202 161 223 81 151]
Time taken in this element  16.723µs
[160 193 232 4 231 158 125 60 121 225 151 135 221 139 219 192]
Time taken in this element  16.172µs
[169 240 60 71 149 64 236 123 206 152 61 144 181 83 192 254]
Time taken in this element  16.011µs
[252 255 48 25 16 173 208 140 167 244 193 68 131 191 20 99]
Time taken in this element  15.931µs
[220 192 151 179 103 135 192 190 32 167 100 245 251 243 215 28]
Time taken in this element  21.037µs
[97 110 246 132 196 81 33 17 172 61 116 30 123 140 112 101]
Time taken in this element  16.791µs
[155 121 42 65 62 141 245 22 4 100 149 181 18 113 144 225]
Time taken in this element  16.51µs
[252 255 48 25 16 173 208 140 167 244 193 68 131 191 20 99]
Time taken in this element  16.338µs
[110 255 26 45 224 69 73 95 233 220 100 222 154 71 77 19]
Time taken in this element  18.719µs
[141 182 37 133 87 127 159 20 148 247 199 230 62 54 62 228]
Time taken in this element  16.458µs
[252 255 48 25 16 173 208 140 167 244 193 68 131 191 20 99]
Time taken in this element  16.151µs
[252 255 48 25 16 173 208 140 167 244 193 68 131 191 20 99]
Time taken in this element  20.37µs
[141 52 158 17 201 121 64 233 248 209 123 174 2 24 72 225]
Time taken in this element  17.173µs
[169 240 60 71 149 64 236 123 206 152 61 144 181 83 192 254]
Time taken in this element  17.601µs
[171 241 246 185 222 120 168 108 18 166 156 162 164 108 134 78]
Time taken in this element  16.061µs
[23 49 126 101 151 55 181 149 250 11 184 153 111 149 120 115]
Time taken in this element  16.665µs
[23 49 126 101 151 55 181 149 250 11 184 153 111 149 120 115]
Time taken in this element  16.641µs
[28 124 235 79 74 201 93 178 211 153 171 90 207 200 98 45]
Time taken in this element  16.204µs
[202 129 108 75 137 215 48 102 230 197 68 253 238 164 15 65]
Time taken in this element  15.909µs
[252 255 48 25 16 173 208 140 167 244 193 68 131 191 20 99]
Time taken in this element  16.302µs
[252 255 48 25 16 173 208 140 167 244 193 68 131 191 20 99]
Time taken in this element  15.976µs
[154 59 111 215 157 248 179 235 168 217 44 41 255 51 1 16]
Time taken in this element  55.307µs
[203 152 186 227 147 142 123 146 192 232 170 135 245 75 24 242]
Time taken in this element  17.554µs
[212 29 140 217 143 0 178 4 233 128 9 152 236 248 66 126]
Time taken in this element  15.089µs
[203 112 58 184 240 199 48 205 45 25 201 63 42 17 24 184]
Time taken in this element  26.258µs
[22 171 26 36 246 8 202 191 127 22 144 102 189 194 230 72]
Time taken in this element  18.007µs
[110 129 214 181 147 212 87 130 179 199 6 190 170 209 123 132]
Time taken in this element  17.634µs
[7 187 67 186 242 76 102 191 13 124 9 195 145 215 151 50]
Time taken in this element  49.041µs
[253 170 105 231 146 47 14 58 59 145 123 92 222 200 163 90]
Time taken in this element  31.406µs
[194 3 164 255 64 146 95 252 70 217 130 19 178 219 7 2]
Time taken in this element  19.682µs
[83 0 107 133 19 126 100 78 2 209 196 92 84 181 85 57]
Time taken in this element  19.727µs
[24 22 178 200 247 144 194 156 132 87 66 0 135 29 30 42]
Time taken in this element  19.182µs
[85 46 94 47 20 205 35 154 197 207 180 171 180 181 200 103]
Time taken in this element  19.103µs
[101 139 252 244 151 169 8 146 8 88 80 156 236 229 228 145]
Time taken in this element  24.841µs
[91 212 156 174 153 240 233 147 182 3 29 55 198 203 44 148]
Time taken in this element  21.127µs
[216 247 54 170 33 184 216 100 20 208 161 184 162 133 84 172]
Time taken in this element  23.974µs
[38 74 27 32 201 57 61 97 48 51 49 169 96 216 237 7]
Time taken in this element  22.645µs
[209 79 253 234 225 177 8 230 126 147 89 179 212 200 235 203]
Time taken in this element  16.934µs
[150 43 42 137 254 124 209 237 20 184 83 230 31 39 55 56]
Time taken in this element  19.047µs
[184 188 130 38 118 180 218 157 130 11 176 205 76 172 23 114]
Time taken in this element  18.85µs
[34 17 251 39 83 185 239 168 238 52 23 31 55 71 179 22]
Time taken in this element  16.179µs
[96 165 244 76 156 127 123 101 49 131 183 252 56 214 174 5]
Time taken in this element  16.328µs
[216 247 54 170 33 184 216 100 20 208 161 184 162 133 84 172]
Time taken in this element  19.387µs
[136 127 69 112 20 152 128 55 166 217 74 23 106 222 31 47]
Time taken in this element  18.65µs
[63 62 32 134 28 238 148 227 142 42 156 3 200 15 210 9]
Time taken in this element  16.794µs
[102 113 199 216 80 212 76 145 157 197 160 163 180 230 100 90]
Time taken in this element  33.407µs
[133 222 38 94 70 238 128 202 88 204 237 32 85 55 161 176]
Time taken in this element  45.201µs
[81 34 145 183 0 45 56 90 7 92 214 157 223 26 184 216]
Time taken in this element  24.601µs
[8 46 231 96 30 158 239 145 99 37 37 143 160 65 1 119]
Time taken in this element  18.523µs
[245 209 46 108 107 143 45 214 38 75 12 84 187 197 184 192]
Time taken in this element  31.347µs
[212 29 140 217 143 0 178 4 233 128 9 152 236 248 66 126]
Time taken in this element  16.304µs
[39 89 249 138 88 56 126 29 106 53 53 216 113 190 61 59]
Time taken in this element  18.466µs
[136 28 188 170 216 165 86 96 26 94 209 9 18 190 110 140]
Time taken in this element  93.375µs
[231 234 143 75 19 27 61 53 189 206 57 88 42 89 167 210]
Time taken in this element  123.86µs
[4 88 149 55 114 39 226 23 224 77 220 229 211 27 188 40]
Time taken in this element  17.072µs
[50 21 209 86 199 106 209 109 156 221 43 158 5 89 63 242]
Time taken in this element  17.251µs
[198 173 42 156 2 34 1 133 195 76 48 66 6 13 102 194]
Time taken in this element  96.599µs
[21 217 22 40 108 230 60 189 152 80 28 131 141 214 203 21]
Time taken in this element  16.946µs
[40 81 72 190 162 109 91 3 195 164 221 221 153 225 88 46]
Time taken in this element  17.969µs
[23 231 96 211 214 57 188 184 243 168 89 31 170 215 51 83]
Time taken in this element  20.656µs
[212 29 140 217 143 0 178 4 233 128 9 152 236 248 66 126]
Time taken in this element  15.602µs
[212 29 140 217 143 0 178 4 233 128 9 152 236 248 66 126]
Time taken in this element  17.312µs
[212 29 140 217 143 0 178 4 233 128 9 152 236 248 66 126]
Time taken in this element  15.233µs
[212 29 140 217 143 0 178 4 233 128 9 152 236 248 66 126]
Time taken in this element  15.05µs
[238 134 246 232 164 178 51 218 95 11 53 160 8 30 158 75]
Time taken in this element  18.805µs
[212 29 140 217 143 0 178 4 233 128 9 152 236 248 66 126]
Time taken in this element  15.221µs
[142 234 159 98 197 65 166 207 68 209 239 182 147 93 51 247]
Time taken in this element  72.835µs
[176 219 241 167 129 201 68 209 31 31 184 182 149 187 13 72]
Time taken in this element  25.658µs
[212 29 140 217 143 0 178 4 233 128 9 152 236 248 66 126]
Time taken in this element  16.543µs
[212 29 140 217 143 0 178 4 233 128 9 152 236 248 66 126]
Time taken in this element  15.247µs
[212 29 140 217 143 0 178 4 233 128 9 152 236 248 66 126]
Time taken in this element  15.326µs
[45 188 27 43 234 135 47 147 84 102 104 162 230 253 41 16]
Time taken in this element  29.486µs
[248 222 217 127 153 181 38 13 214 140 59 36 181 160 179 111]
Time taken in this element  19.42µs
[212 29 140 217 143 0 178 4 233 128 9 152 236 248 66 126]
Time taken in this element  15.088µs
[174 67 204 57 107 100 55 19 243 124 79 112 47 104 141 247]
Time taken in this element  20.007µs
[64 158 81 65 149 12 35 4 119 58 183 202 54 185 146 6]
Time taken in this element  66.122µs
[212 29 140 217 143 0 178 4 233 128 9 152 236 248 66 126]
Time taken in this element  15.42µs
[12 63 31 178 171 107 70 66 126 114 3 249 218 163 85 198]
Time taken in this element  17.051µs
[170 179 158 146 255 226 84 49 154 115 235 244 49 88 194 86]
Time taken in this element  17.461µs
[170 179 158 146 255 226 84 49 154 115 235 244 49 88 194 86]
Time taken in this element  16.734µs
[170 179 158 146 255 226 84 49 154 115 235 244 49 88 194 86]
Time taken in this element  21.702µs
[170 179 158 146 255 226 84 49 154 115 235 244 49 88 194 86]
Time taken in this element  28.071µs
[199 246 246 232 29 130 60 79 130 79 65 132 147 29 0 54]
Time taken in this element  34.898µs
[170 179 158 146 255 226 84 49 154 115 235 244 49 88 194 86]
Time taken in this element  16.279µs
[51 242 133 241 203 197 193 14 154 236 228 196 101 17 10 253]
Time taken in this element  62.365µs
[230 213 34 21 40 63 119 224 26 216 83 248 188 100 50 71]
Time taken in this element  29.7µs
[61 235 74 164 105 165 161 125 177 84 68 229 79 212 163 53]
Time taken in this element  19.307µs
[139 245 108 223 208 123 189 243 137 195 245 39 185 68 13 48]
Time taken in this element  31.153µs
[52 198 200 47 37 23 19 200 65 102 231 9 47 43 112 150]
Time taken in this element  20.007µs
[223 22 148 59 47 187 247 63 215 165 150 183 52 55 121 117]
Time taken in this element  19.039µs
[45 158 72 242 218 39 162 191 104 127 99 166 143 10 218 43]
Time taken in this element  71.857µs
[162 91 87 54 98 223 248 140 146 31 135 190 215 202 226 51]
Time taken in this element  27.746µs
[181 215 181 82 211 187 35 65 124 166 48 58 104 25 200 28]
Time taken in this element  17.802µs
Max sequential time  140.417744ms
time taken  163.96896ms
